 16.9830   4.3707   6.2089 8
 16.5724  13.8531   4.5436 4
 59.4126  28.3355   5.6596 9
 44.8942  23.7236   6.1706 5
 10.4239  19.7643   5.6085 4
 61.7347   1.5287   5.8937 6
  5.7785  14.1159   5.3403 5
 39.9002  12.1831   6.0689 7
 24.1881  21.1070   4.9877 6
 57.3449   6.6633   6.4364 3
  7.4402  29.9471   6.2345 9
 76.0331  28.9086   4.7517 8
 82.4089  27.2508   4.9867 4
 42.4742  27.3801   4.9754 7
  9.9222  18.6119   5.5377 5
 34.8421   8.0356   5.7691 9
 41.6308  29.3128   4.6089 6
 75.0302   9.6849   4.6574 7
  8.0216  14.0235   5.0344 5
  7.6929  28.3915   5.6484 8
 13.5536  23.0538   6.9319 4
 35.0550  15.9581   4.5099 9
 41.1219  29.5111   5.0828 5
 26.0271   1.3842   4.6759 5
 49.7902   7.8454   5.9772 8
 31.3139  16.8972   6.4041 4
 78.2420  22.3528   6.7716 7
 55.0474  11.3729   6.7139 5
 13.3693  10.4194   5.8132 4
 48.2799   9.4999   6.9125 5
 39.6639  25.5067   5.3508 7
 47.1917   2.9566   5.2564 6
 58.4734  29.8931   6.0885 8
 25.6837   6.7676   5.0966 6
 54.4950   3.8966   5.5156 9
 10.3216  13.6047   5.8653 8
 36.3771  25.0518   5.1464 3
 51.3948   7.0890   6.5675 5
 40.4012   6.3332   5.1608 3
 64.9620  12.3370   6.0582 4
 50.3087  17.5255   6.5032 8
 45.4849  15.5899   6.2653 6
 77.5280  28.5231   5.9967 7
 39.1826   1.2522   5.8274 4
 19.6641  28.6528   6.3611 4
 13.4884  29.9773   6.1594 6
 10.3929  15.7701   5.8822 5
 33.9891  22.7278   6.5042 7
 28.6820  20.6437   5.5005 6
 56.6682  20.9790   6.1393 4
 81.3643  14.8723   5.6538 6
 16.9830   4.3707   6.2089 8
 16.5724  13.8531   4.5436 4
 59.4126  28.3355   5.6596 9
 44.8942  23.7236   6.1706 5
 10.4239  19.7643   5.6085 4
 10.7950  23.2797   4.9445 4
 50.8540  19.4574   5.0491 6
 61.7347   1.5287   5.8937 6
  5.7785  14.1159   5.3403 5
 39.9002  12.1831   6.0689 7
 24.1881  21.1070   4.9877 6
 57.3449   6.6633   6.4364 3
  7.4402  29.9471   6.2345 9
 76.0331  28.9086   4.7517 8
 47.3966  24.7571   6.3767 8
 70.0735   7.4601   4.8793 8
 82.4089  27.2508   4.9867 4
 42.4742  27.3801   4.9754 7
 36.3771  25.0518   5.1464 3
 78.1182  21.5522   6.2091 8
  7.4665  18.9839   5.7919 6
 51.3948   7.0890   6.5675 5
 40.4012   6.3332   5.1608 3
 64.9620  12.3370   6.0582 4
 34.7745   5.2805   5.3898 6
 50.3087  17.5255   6.5032 8
 45.4849  15.5899   6.2653 6
 77.5280  28.5231   5.9967 7
 39.1826   1.2522   5.8274 4
 19.6641  28.6528   6.3611 4
 13.4884  29.9773   6.1594 6
 10.3929  15.7701   5.8822 5
 33.9891  22.7278   6.5042 7
 28.6820  20.6437   5.5005 6
 56.6682  20.9790   6.1393 4
 81.3643  14.8723   5.6538 6
 16.9830   4.3707   6.2089 8
 16.5724  13.8531   4.5436 4
 59.4126  28.3355   5.6596 9
 44.8942  23.7236   6.1706 5
 10.4239  19.7643   5.6085 4
 10.7950  23.2797   4.9445 4
 50.8540  19.4574   5.0491 6
 61.7347   1.5287   5.8937 6
 57.3449   6.6633   6.4364 3
  7.4402  29.9471   6.2345 9
 76.0331  28.9086   4.7517 8
 47.3966  24.7571   6.3767 8
 70.0735   7.4601   4.8793 8
 82.4089  27.2508   4.9867 4
 42.4742  27.3801   4.9754 7
  9.9222  18.6119   5.5377 5
